0000000000000000
0000000011110110
1100111111110111
0001000100111111
0000001100111111
1100111000111111
0010001000111111
0010000000111111
0000111111111111
0000000000111111
0000111000111111
0000110000111111
0000001110101101
0011000011111111
0000001111101101
0011000001111111
0011110001111111
0010000010111111
1100110000111111
0011001111101101
1100000111111111
1111110001110011
1111000011111111
1100110011010111
1100110011011011
0000000011111111
0001110000111111
0000000011111011
0001110000111011
0010001000111111
0011111111101101
1100000011111111
1111110011110110
1100110011111010
1111111111010010
1101111000111101
0011001111110110
1000011111101101
1100111111111111
1001011110111101
1000011110111111
1100111110101111
1010011110101111
1010011110101101
1000111111111111
1000011110101101
1000111110101111
1000010011101101
1100110011111111
1001010010111101
1000010010111111
1100110010101111
1010010010101111
1010010010101101
1000110011111111
1000010010101101
1000110010101111
1111100101011101
1111100001111101
1111100101111111
1111100101101101
1111000101111110
1011111100101101
0111101001101101
1111110001111101
1111111111111101
1111100111101101
1111111111100001
1111111111101101
1110110100111101
1111110101111101
1111100101111101
0111110001101111
0111111001101101
1111110101111111
0111101001111101
1111111100101101
1111100111111101
1111110111111110
1110110111111010
1111111111010010
1111111111010101
1111101101111110
0011001111011110
1101111111101111
1011101111101101
0010001000101101
0110011000100100
0111000101001011
1111111111101111
1111111111110011
1111111111011110
1111111100000000
1111100101011101
1111111100111111
0011001111010010
1111111111110110
1111111111011111
1011011101101101
0111101110101101
1111110011111111
1100111111111111
1111111111010111
1111111111111010
0011111111111111
0111111001101111
1001111110101111
1111100101111101
1110011110111101
1000011111001100
0111100011100001
0000000000101101
0111111111111111
1011111111111111
1101111111111111
1110111111111111
1111011111111111
1111101111111111
1111110111111111
1111111011111111
1111111111011111
1111111111101111
1111111111110111
1111111110111111
1111111111111011
1111111111111101
1111111111111110
1111111101111111